# blastp
# Iteration: 0
# Query: VTT87511.1 hypothetical protein DM2_845 [Halorubrum sp. DM2]
# RID: 131G60GM016
# Database: nr
# Fields: query acc.ver, subject acc.ver, % identity, alignment length, mismatches, gap opens, q. start, q. end, s. start, s. end, evalue, bit score, % positives
# 100 hits found
VTT87511.1	VTT87511.1	100.000	653	0	0	1	653	1	653	0.0	1307	100.00
VTT87511.1	WP_345782485.1	99.847	653	1	0	1	653	32	684	0.0	1304	100.00
VTT87511.1	ELZ59672.1	99.081	653	6	0	1	653	26	678	0.0	1293	99.54
VTT87511.1	WP_049908589.1	99.081	653	6	0	1	653	32	684	0.0	1292	99.54
VTT87511.1	WP_200530423.1	91.450	655	54	1	1	653	32	686	0.0	1156	95.11
VTT87511.1	WP_095636373.1	91.145	655	56	1	1	653	32	686	0.0	1154	95.11
VTT87511.1	WP_424014498.1	90.658	653	59	1	3	653	34	686	0.0	1151	94.33
VTT87511.1	WP_271941393.1	90.076	655	63	1	1	653	32	686	0.0	1147	94.20
VTT87511.1	WP_008365785.1	90.076	655	63	1	1	653	32	686	0.0	1146	94.05
VTT87511.1	WP_004049636.1	89.924	655	64	1	1	653	32	686	0.0	1145	94.20
VTT87511.1	WP_007346095.1	89.177	656	68	1	1	653	32	687	0.0	1127	93.14
VTT87511.1	WP_050026499.1	86.412	655	87	1	1	653	32	686	0.0	1110	92.21
VTT87511.1	WP_050033011.1	86.260	655	88	1	1	653	32	686	0.0	1107	92.06
VTT87511.1	WP_394295123.1	100.000	440	0	0	214	653	1	440	0.0	879	100.00
VTT87511.1	WP_244256873.1	66.107	655	220	1	1	653	32	686	0.0	861	81.07
VTT87511.1	WP_158854864.1	63.482	649	235	1	1	647	32	680	0.0	855	79.97
VTT87511.1	WP_092893586.1	64.427	655	229	3	1	653	32	684	0.0	835	78.93
VTT87511.1	WP_280587261.1	62.033	669	234	4	1	652	32	697	0.0	830	76.68
VTT87511.1	WP_159369649.1	59.876	643	256	1	1	641	32	674	0.0	822	78.07
VTT87511.1	WP_324663380.1	62.791	645	238	1	1	643	32	676	0.0	822	78.60
VTT87511.1	WP_127013144.1	60.550	654	255	2	1	652	32	684	0.0	805	75.84
VTT87511.1	WP_080509822.1	60.703	654	254	2	1	652	32	684	0.0	803	75.99
VTT87511.1	WP_371726824.1	60.245	654	256	3	1	652	32	683	0.0	803	75.84
VTT87511.1	WP_146418134.1	60.245	654	256	3	1	652	32	683	0.0	803	75.99
VTT87511.1	WP_129755190.1	60.245	654	256	3	1	652	32	683	0.0	802	75.84
VTT87511.1	WP_079890977.1	60.550	654	255	2	1	652	32	684	0.0	802	75.84
VTT87511.1	WP_244605576.1	62.462	650	241	2	1	648	7	655	0.0	802	77.38
VTT87511.1	WP_165896558.1	60.550	654	255	2	1	652	32	684	0.0	801	75.84
VTT87511.1	WP_079980832.1	60.092	654	257	3	1	652	32	683	0.0	800	75.84
VTT87511.1	WP_064288107.1	60.092	654	257	3	1	652	32	683	0.0	800	75.99
VTT87511.1	WP_151146130.1	60.092	654	257	3	1	652	32	683	0.0	799	75.84
VTT87511.1	WP_151103425.1	59.939	654	258	3	1	652	32	683	0.0	798	75.84
VTT87511.1	WP_079891613.1	60.092	654	257	3	1	652	32	683	0.0	798	75.54
VTT87511.1	WP_134671483.1	60.570	667	243	5	1	650	32	695	0.0	795	76.46
VTT87511.1	AAV45959.1	60.870	644	249	2	11	652	1	643	0.0	793	75.93
VTT87511.1	WP_079990787.1	59.480	654	262	2	1	652	32	684	0.0	793	75.84
VTT87511.1	WP_306706850.1	59.021	654	265	2	1	652	32	684	0.0	785	75.54
VTT87511.1	MCJ0618932.1	60.480	625	243	3	30	652	1	623	0.0	769	75.84
VTT87511.1	EMA11864.1	60.960	625	241	2	30	652	1	624	0.0	767	75.84
VTT87511.1	KZX48836.1	60.320	625	244	3	30	652	1	623	0.0	766	76.00
VTT87511.1	AEM57225.1	60.320	625	244	3	30	652	1	623	0.0	763	75.36
VTT87511.1	WP_256404554.1	55.838	668	278	4	1	653	32	697	0.0	750	73.05
VTT87511.1	WP_135806595.1	52.324	667	240	9	1	650	32	637	0.0	641	67.47
VTT87511.1	WP_229770585.1	62.615	436	161	1	214	647	1	436	0.0	552	78.90
VTT87511.1	WP_004518081.1	60.544	441	170	3	214	652	1	439	0.0	533	77.10
VTT87511.1	WP_461648321.1	57.870	432	179	2	1	430	40	470	2.31e-172	506	74.54
VTT87511.1	WP_158056952.1	42.901	648	349	10	5	644	42	676	1.21e-148	453	58.64
VTT87511.1	WP_280633724.1	63.478	345	126	0	304	648	1	345	7.35e-142	424	79.71
VTT87511.1	WP_332898899.1	37.461	646	384	7	2	639	33	666	3.30e-141	434	56.35
VTT87511.1	WP_336359194.1	37.713	647	381	8	2	639	33	666	3.63e-140	431	56.41
VTT87511.1	WP_435363762.1	39.815	648	371	8	2	638	38	677	1.63e-136	422	56.33
VTT87511.1	WP_245708145.1	59.938	322	129	0	332	653	4	325	4.43e-135	405	78.26
VTT87511.1	SEW08593.1	59.938	322	129	0	332	653	14	335	6.92e-135	405	78.26
VTT87511.1	WP_435318204.1	39.938	646	362	9	11	638	40	677	1.40e-134	417	55.88
VTT87511.1	PSP75694.1	41.640	634	359	6	3	631	36	663	2.59e-134	417	58.83
VTT87511.1	WP_089880266.1	39.574	657	370	8	3	643	34	679	4.87e-133	413	55.56
VTT87511.1	WP_257299960.1	39.517	663	355	15	7	643	52	694	7.78e-132	410	56.86
VTT87511.1	WP_435363293.1	38.705	664	374	7	3	641	31	686	1.65e-131	410	53.92
VTT87511.1	SEQ44663.1	40.099	606	347	9	54	650	89	687	2.91e-131	409	57.43
VTT87511.1	WP_277520050.1	38.556	651	379	12	5	646	43	681	2.93e-131	408	57.45
VTT87511.1	WP_261650590.1	38.705	664	374	8	3	641	31	686	5.36e-130	406	54.07
VTT87511.1	MDX1744568.1	36.631	647	386	14	6	645	55	684	9.59e-130	405	58.11
VTT87511.1	WP_435317664.1	38.253	664	377	7	3	641	31	686	2.53e-129	404	53.77
VTT87511.1	OYR84812.1	91.866	209	17	0	1	209	32	240	2.74e-129	387	96.17
VTT87511.1	MFB6154666.1	41.602	649	353	12	2	639	34	667	6.63e-129	404	56.70
VTT87511.1	WP_175526363.1	39.697	660	356	13	7	643	52	692	3.34e-128	400	54.85
VTT87511.1	SDM50815.1	39.697	660	356	13	7	643	66	706	3.74e-128	401	54.85
VTT87511.1	WP_154551155.1	38.344	652	375	14	6	647	38	672	6.54e-128	400	58.28
VTT87511.1	WP_256300396.1	38.279	674	350	13	7	638	52	701	2.58e-127	399	53.71
VTT87511.1	MFB6178372.1	39.752	644	367	10	5	638	40	672	9.87e-127	396	57.45
VTT87511.1	WP_135667191.1	38.080	646	385	10	6	647	38	672	1.18e-126	396	56.50
VTT87511.1	MCT9096545.1	38.131	674	387	11	2	653	31	696	3.54e-126	396	54.30
VTT87511.1	WP_369684409.1	38.131	674	387	11	2	653	61	726	5.60e-126	396	54.30
VTT87511.1	WP_435358165.1	37.683	682	373	13	5	643	41	713	2.14e-125	394	54.25
VTT87511.1	MFP8958795.1	38.531	667	378	11	2	653	36	685	6.13e-125	392	55.32
VTT87511.1	WP_004572540.1	41.357	619	338	12	39	648	72	674	8.57e-125	391	58.48
VTT87511.1	WP_261649668.1	39.110	652	373	8	2	641	37	676	2.14e-124	390	55.21
VTT87511.1	WP_436901857.1	38.754	658	374	16	5	652	53	691	2.55e-124	390	56.08
VTT87511.1	WP_158854914.1	37.883	652	378	14	6	647	38	672	4.87e-124	390	57.36
VTT87511.1	WP_436902313.1	38.508	657	376	13	6	643	40	687	1.52e-123	389	54.79
VTT87511.1	WP_136687207.1	37.209	645	384	10	6	643	38	668	3.20e-123	387	56.59
VTT87511.1	WP_256399223.1	39.478	613	337	10	52	638	100	704	4.93e-122	385	55.46
VTT87511.1	WP_233289914.1	37.850	642	379	8	6	640	15	643	6.78e-122	384	55.45
VTT87511.1	WP_256398940.1	40.729	658	353	12	7	642	42	684	7.58e-121	382	56.69
VTT87511.1	WP_098725588.1	37.026	659	387	7	6	645	45	694	7.59e-121	382	54.78
VTT87511.1	WP_179259274.1	40.369	597	336	9	52	637	86	673	1.41e-119	379	56.95
VTT87511.1	PSQ16828.1	38.360	683	371	11	7	650	42	713	1.43e-119	379	54.32
VTT87511.1	WP_435362688.1	38.788	660	364	13	6	641	41	684	1.81e-119	378	54.24
VTT87511.1	MFT4945038.1	37.518	677	369	10	5	638	44	709	5.30e-119	377	53.03
VTT87511.1	WP_474672113.1	37.156	654	383	7	6	640	45	689	8.47e-119	377	54.74
VTT87511.1	WP_181685524.1	37.054	645	385	11	6	643	64	694	1.44e-118	376	57.05
VTT87511.1	WP_256299962.1	40.031	652	366	8	7	642	42	684	2.55e-118	375	55.21
VTT87511.1	MFB6229269.1	38.370	675	375	12	2	644	37	702	2.69e-118	376	53.19
VTT87511.1	WP_440989900.1	38.897	653	370	8	7	641	42	683	4.08e-118	374	55.59
VTT87511.1	PSQ49878.1	36.544	706	385	13	2	653	37	733	8.45e-118	375	50.71
VTT87511.1	WP_439026239.1	37.185	675	369	11	1	636	62	720	1.10e-117	375	53.48
VTT87511.1	WP_227130883.1	41.424	618	325	15	47	646	82	680	4.39e-117	372	57.12
VTT87511.1	WP_435360834.1	38.497	652	386	7	7	652	36	678	5.29e-117	371	54.14
VTT87511.1	WP_008321199.1	40.226	619	345	12	39	648	72	674	1.23e-116	370	57.03
VTT87511.1	WP_411968304.1	38.080	646	375	13	3	639	36	665	1.37e-116	370	56.35


